RecoWin MsgName=test RecognizeGesture=366 73 , 365  74 , 364 72 , 365 70 
RecoWin MsgName=test RecognizeGesture=366 73 , 365  74 , 364 72 , 365 70 , 369 66 , 372 66 , 375 62 , 378 62 , 382 62 ,384 64 , 386 67 , 384 72 , 382 77 , 377 83 , 372 84 , 373 84 , 372 84 , 373 84 ,375 83 , 378 82 , 382 83 , 384 83 , 384 85 , 384 90 , 381 94 , 376 97 , 372 99 ,368 99 ,363 98 , 363 98 , 363 98
RecoWin MsgName=test Recognize=366 73 , 365  74 , 364 72 , 365 70 , 369 66 , 372 66 , 375 62 , 378 62 , 382 62 ,384 64 , 386 67 , 384 72 , 382 77 , 377 83 , 372 84 , 373 84 , 372 84 , 373 84 ,375 83 , 378 82 , 382 83 , 384 83 , 384 85 , 384 90 , 381 94 , 376 97 , 372 99 ,368 99 ,363 98 , 363 98 , 363 98
RecoWin MsgName=test Gesture=Left enable=true
RecoWin MsgName=5 Factoid=UPPERCHAR|DIGIT Recognize=610 92 , 609  93 , 607 95 , 606 98 , 603 102 , 602 104 , 600 106 , 597 108 , 592 112 , 590 114 , 589 116 , 591 117 , 592 117 , 594 118 , 597 119 , 599 120 , 601 121 , 605 122 , 605 122  break 608 114 , 608 116 , 607 118 , 606 121 , 605 123 ,604 126 , 603 129 , 603 132 , 602 135 , 600 141 , 600 141
RecoWin MsgName=6 Factoid=UPPERCHAR|DIGIT Recognize=649 98 , 650  100 , 649 105 , 649 107 , 649 110 , 649 112 , 649 118 , 649 120 , 649 122 , 649  124 , 649 124  break 646 91 , 648 91 , 649 92 , 651 93 , 654 95 , 655 96 , 658 98 , 660 100 , 661 102 , 663 103 , 663 106 , 664 108 , 664 110 , 664 113 , 664 115 , 663 117 , 663 119 , 661 121 , 660 123 , 658 124 , 656 125 , 654 126 , 651 127 , 647 127 , 645 127 , 642 127 , 641 127 , 639 126 , 638 125 , 636 125 , 635 124 , 635 124
RecoWin MsgName=7 Factoid=UPPERCHAR|DIGIT Recognize=704 100 , 703 105 , 703 107 , 703 109 , 703 111 , 703 117 , 703 120 , 703 123 , 703 125 , 703 127 , 703 127  break 705 106 , 708 107 , 711 107 , 713 107 , 714 107 , 717 107  , 717 107  break 722 90 , 723 92 , 722 95 , 721 98 , 721 101 , 720 104 , 720 106 , 720 110 , 720 118 , 720 126 , 720 128 , 720 128  
RecoWin MsgName=0 Factoid=UPPERCHAR|DIGIT Recognize=318 101 , 315 103 , 314 99 , 314 94 , 314 94  break 315 82 , 316 71 , 316 61 , 316 55 , 315 49 , 315 47 , 315 47  break 318 70 , 312 83 , 310 91 , 309 102 , 308 115 , 307 127 , 307 133 , 307 133
RecoWin MsgName=1 Factoid=UPPERCHAR|DIGIT Recognize=366 73 , 365  74 , 364 72 , 365 70 , 369 66 , 372 66 , 375 62 , 378 62 , 382 62 ,384 64 , 386 67 , 384 72 , 382 77 , 377 83 , 372 84 , 373 84 , 372 84 , 373 84 ,375 83 , 378 82 , 382 83 , 384 83 , 384 85 , 384 90 , 381 94 , 376 97 , 372 99 ,368 99 ,363 98 , 363 98 , 363 98


RecoWin MsgName=5 Factoid=DEFAULT Recognize=610 92 , 609  93 , 607 95 , 606 98 , 603 102 , 602 104 , 600 106 , 597 108 , 592 112 , 590 114 , 589 116 , 591 117 , 592 117 , 594 118 , 597 119 , 599 120 , 601 121 , 605 122 , 605 122  break 608 114 , 608 116 , 607 118 , 606 121 , 605 123 ,604 126 , 603 129 , 603 132 , 602 135 , 600 141 , 600 141
RecoWin MsgName=6 Factoid=DEFAULT Recognize=649 98 , 650  100 , 649 105 , 649 107 , 649 110 , 649 112 , 649 118 , 649 120 , 649 122 , 649  124 , 649 124  break 646 91 , 648 91 , 649 92 , 651 93 , 654 95 , 655 96 , 658 98 , 660 100 , 661 102 , 663 103 , 663 106 , 664 108 , 664 110 , 664 113 , 664 115 , 663 117 , 663 119 , 661 121 , 660 123 , 658 124 , 656 125 , 654 126 , 651 127 , 647 127 , 645 127 , 642 127 , 641 127 , 639 126 , 638 125 , 636 125 , 635 124 , 635 124
RecoWin MsgName=7 Factoid=DEFAULT Recognize=704 100 , 703 105 , 703 107 , 703 109 , 703 111 , 703 117 , 703 120 , 703 123 , 703 125 , 703 127 , 703 127  break 705 106 , 708 107 , 711 107 , 713 107 , 714 107 , 717 107  , 717 107  break 722 90 , 723 92 , 722 95 , 721 98 , 721 101 , 720 104 , 720 106 , 720 110 , 720 118 , 720 126 , 720 128 , 720 128  
RecoWin MsgName=0 Factoid=DEFAULT Recognize=318 101 , 315 103 , 314 99 , 314 94 , 314 94  break 315 82 , 316 71 , 316 61 , 316 55 , 315 49 , 315 47 , 315 47  break 318 70 , 312 83 , 310 91 , 309 102 , 308 115 , 307 127 , 307 133 , 307 133
RecoWin MsgName=1 Factoid=DEFAULT Recognize=366 73 , 365  74 , 364 72 , 365 70 , 369 66 , 372 66 , 375 62 , 378 62 , 382 62 ,384 64 , 386 67 , 384 72 , 382 77 , 377 83 , 372 84 , 373 84 , 372 84 , 373 84 ,375 83 , 378 82 , 382 83 , 384 83 , 384 85 , 384 90 , 381 94 , 376 97 , 372 99 ,368 99 ,363 98 , 363 98 , 363 98

RecoWin MsgName=5 Factoid=DIGIT Recognize=610 92 , 609  93 , 607 95 , 606 98 , 603 102 , 602 104 , 600 106 , 597 108 , 592 112 , 590 114 , 589 116 , 591 117 , 592 117 , 594 118 , 597 119 , 599 120 , 601 121 , 605 122 , 605 122  break 608 114 , 608 116 , 607 118 , 606 121 , 605 123 ,604 126 , 603 129 , 603 132 , 602 135 , 600 141 , 600 141
RecoWin MsgName=6 Factoid=DIGIT Recognize=649 98 , 650  100 , 649 105 , 649 107 , 649 110 , 649 112 , 649 118 , 649 120 , 649 122 , 649  124 , 649 124  break 646 91 , 648 91 , 649 92 , 651 93 , 654 95 , 655 96 , 658 98 , 660 100 , 661 102 , 663 103 , 663 106 , 664 108 , 664 110 , 664 113 , 664 115 , 663 117 , 663 119 , 661 121 , 660 123 , 658 124 , 656 125 , 654 126 , 651 127 , 647 127 , 645 127 , 642 127 , 641 127 , 639 126 , 638 125 , 636 125 , 635 124 , 635 124
RecoWin MsgName=7 Factoid=DIGIT Recognize=704 100 , 703 105 , 703 107 , 703 109 , 703 111 , 703 117 , 703 120 , 703 123 , 703 125 , 703 127 , 703 127  break 705 106 , 708 107 , 711 107 , 713 107 , 714 107 , 717 107  , 717 107  break 722 90 , 723 92 , 722 95 , 721 98 , 721 101 , 720 104 , 720 106 , 720 110 , 720 118 , 720 126 , 720 128 , 720 128  
RecoWin MsgName=0 Factoid=DIGIT Recognize=318 101 , 315 103 , 314 99 , 314 94 , 314 94  break 315 82 , 316 71 , 316 61 , 316 55 , 315 49 , 315 47 , 315 47  break 318 70 , 312 83 , 310 91 , 309 102 , 308 115 , 307 127 , 307 133 , 307 133
RecoWin MsgName=1 Factoid=DIGIT Recognize=366 73 , 365  74 , 364 72 , 365 70 , 369 66 , 372 66 , 375 62 , 378 62 , 382 62 ,384 64 , 386 67 , 384 72 , 382 77 , 377 83 , 372 84 , 373 84 , 372 84 , 373 84 ,375 83 , 378 82 , 382 83 , 384 83 , 384 85 , 384 90 , 381 94 , 376 97 , 372 99 ,368 99 ,363 98 , 363 98 , 363 98

RecoWin MsgName=5 Factoid=UPPERCHAR Recognize=610 92 , 609  93 , 607 95 , 606 98 , 603 102 , 602 104 , 600 106 , 597 108 , 592 112 , 590 114 , 589 116 , 591 117 , 592 117 , 594 118 , 597 119 , 599 120 , 601 121 , 605 122 , 605 122  break 608 114 , 608 116 , 607 118 , 606 121 , 605 123 ,604 126 , 603 129 , 603 132 , 602 135 , 600 141 , 600 141
RecoWin MsgName=6 Factoid=UPPERCHAR Recognize=649 98 , 650  100 , 649 105 , 649 107 , 649 110 , 649 112 , 649 118 , 649 120 , 649 122 , 649  124 , 649 124  break 646 91 , 648 91 , 649 92 , 651 93 , 654 95 , 655 96 , 658 98 , 660 100 , 661 102 , 663 103 , 663 106 , 664 108 , 664 110 , 664 113 , 664 115 , 663 117 , 663 119 , 661 121 , 660 123 , 658 124 , 656 125 , 654 126 , 651 127 , 647 127 , 645 127 , 642 127 , 641 127 , 639 126 , 638 125 , 636 125 , 635 124 , 635 124
RecoWin MsgName=7 Factoid=UPPERCHAR Recognize=704 100 , 703 105 , 703 107 , 703 109 , 703 111 , 703 117 , 703 120 , 703 123 , 703 125 , 703 127 , 703 127  break 705 106 , 708 107 , 711 107 , 713 107 , 714 107 , 717 107  , 717 107  break 722 90 , 723 92 , 722 95 , 721 98 , 721 101 , 720 104 , 720 106 , 720 110 , 720 118 , 720 126 , 720 128 , 720 128  
RecoWin MsgName=0 Factoid=UPPERCHAR Recognize=318 101 , 315 103 , 314 99 , 314 94 , 314 94  break 315 82 , 316 71 , 316 61 , 316 55 , 315 49 , 315 47 , 315 47  break 318 70 , 312 83 , 310 91 , 309 102 , 308 115 , 307 127 , 307 133 , 307 133
RecoWin MsgName=1 Factoid=UPPERCHAR Recognize=366 73 , 365  74 , 364 72 , 365 70 , 369 66 , 372 66 , 375 62 , 378 62 , 382 62 ,384 64 , 386 67 , 384 72 , 382 77 , 377 83 , 372 84 , 373 84 , 372 84 , 373 84 ,375 83 , 378 82 , 382 83 , 384 83 , 384 85 , 384 90 , 381 94 , 376 97 , 372 99 ,368 99 ,363 98 , 363 98 , 363 98

RecoWin MsgName=5 Factoid=ONECHAR Recognize=610 92 , 609  93 , 607 95 , 606 98 , 603 102 , 602 104 , 600 106 , 597 108 , 592 112 , 590 114 , 589 116 , 591 117 , 592 117 , 594 118 , 597 119 , 599 120 , 601 121 , 605 122 , 605 122  break 608 114 , 608 116 , 607 118 , 606 121 , 605 123 ,604 126 , 603 129 , 603 132 , 602 135 , 600 141 , 600 141
RecoWin MsgName=6 Factoid=ONECHAR Recognize=649 98 , 650  100 , 649 105 , 649 107 , 649 110 , 649 112 , 649 118 , 649 120 , 649 122 , 649  124 , 649 124  break 646 91 , 648 91 , 649 92 , 651 93 , 654 95 , 655 96 , 658 98 , 660 100 , 661 102 , 663 103 , 663 106 , 664 108 , 664 110 , 664 113 , 664 115 , 663 117 , 663 119 , 661 121 , 660 123 , 658 124 , 656 125 , 654 126 , 651 127 , 647 127 , 645 127 , 642 127 , 641 127 , 639 126 , 638 125 , 636 125 , 635 124 , 635 124
RecoWin MsgName=7 Factoid=ONECHAR Recognize=704 100 , 703 105 , 703 107 , 703 109 , 703 111 , 703 117 , 703 120 , 703 123 , 703 125 , 703 127 , 703 127  break 705 106 , 708 107 , 711 107 , 713 107 , 714 107 , 717 107  , 717 107  break 722 90 , 723 92 , 722 95 , 721 98 , 721 101 , 720 104 , 720 106 , 720 110 , 720 118 , 720 126 , 720 128 , 720 128  
RecoWin MsgName=0 Factoid=ONECHAR Recognize=318 101 , 315 103 , 314 99 , 314 94 , 314 94  break 315 82 , 316 71 , 316 61 , 316 55 , 315 49 , 315 47 , 315 47  break 318 70 , 312 83 , 310 91 , 309 102 , 308 115 , 307 127 , 307 133 , 307 133
RecoWin MsgName=1 Factoid=ONECHAR Recognize=366 73 , 365  74 , 364 72 , 365 70 , 369 66 , 372 66 , 375 62 , 378 62 , 382 62 ,384 64 , 386 67 , 384 72 , 382 77 , 377 83 , 372 84 , 373 84 , 372 84 , 373 84 ,375 83 , 378 82 , 382 83 , 384 83 , 384 85 , 384 90 , 381 94 , 376 97 , 372 99 ,368 99 ,363 98 , 363 98 , 363 98

RecoWin MsgName=5 Factoid=(0|1|2|3|4|5|6|7|8|9|A|B|C|D|E|F|G|H|I|J|K|L|M|N|O|P|Q|R|S|T|U|V|W|X|Y|Z) Recognize=610 92 , 609  93 , 607 95 , 606 98 , 603 102 , 602 104 , 600 106 , 597 108 , 592 112 , 590 114 , 589 116 , 591 117 , 592 117 , 594 118 , 597 119 , 599 120 , 601 121 , 605 122 , 605 122  break 608 114 , 608 116 , 607 118 , 606 121 , 605 123 ,604 126 , 603 129 , 603 132 , 602 135 , 600 141 , 600 141
RecoWin MsgName=6 Factoid=(0|1|2|3|4|5|6|7|8|9|A|B|C|D|E|F|G|H|I|J|K|L|M|N|O|P|Q|R|S|T|U|V|W|X|Y|Z) Recognize=649 98 , 650  100 , 649 105 , 649 107 , 649 110 , 649 112 , 649 118 , 649 120 , 649 122 , 649  124 , 649 124  break 646 91 , 648 91 , 649 92 , 651 93 , 654 95 , 655 96 , 658 98 , 660 100 , 661 102 , 663 103 , 663 106 , 664 108 , 664 110 , 664 113 , 664 115 , 663 117 , 663 119 , 661 121 , 660 123 , 658 124 , 656 125 , 654 126 , 651 127 , 647 127 , 645 127 , 642 127 , 641 127 , 639 126 , 638 125 , 636 125 , 635 124 , 635 124
RecoWin MsgName=7 Factoid=(0|1|2|3|4|5|6|7|8|9|A|B|C|D|E|F|G|H|I|J|K|L|M|N|O|P|Q|R|S|T|U|V|W|X|Y|Z) Recognize=704 100 , 703 105 , 703 107 , 703 109 , 703 111 , 703 117 , 703 120 , 703 123 , 703 125 , 703 127 , 703 127  break 705 106 , 708 107 , 711 107 , 713 107 , 714 107 , 717 107  , 717 107  break 722 90 , 723 92 , 722 95 , 721 98 , 721 101 , 720 104 , 720 106 , 720 110 , 720 118 , 720 126 , 720 128 , 720 128  
RecoWin MsgName=0 Factoid=(0|1|2|3|4|5|6|7|8|9|A|B|C|D|E|F|G|H|I|J|K|L|M|N|O|P|Q|R|S|T|U|V|W|X|Y|Z) Recognize=318 101 , 315 103 , 314 99 , 314 94 , 314 94  break 315 82 , 316 71 , 316 61 , 316 55 , 315 49 , 315 47 , 315 47  break 318 70 , 312 83 , 310 91 , 309 102 , 308 115 , 307 127 , 307 133 , 307 133
RecoWin MsgName=1 Factoid=(0|1|2|3|4|5|6|7|8|9|A|B|C|D|E|F|G|H|I|J|K|L|M|N|O|P|Q|R|S|T|U|V|W|X|Y|Z) Recognize=366 73 , 365  74 , 364 72 , 365 70 , 369 66 , 372 66 , 375 62 , 378 62 , 382 62 ,384 64 , 386 67 , 384 72 , 382 77 , 377 83 , 372 84 , 373 84 , 372 84 , 373 84 ,375 83 , 378 82 , 382 83 , 384 83 , 384 85 , 384 90 , 381 94 , 376 97 , 372 99 ,368 99 ,363 98 , 363 98 , 363 98


RecoWin MsgName=5 Factoid=(!IS_DIGITS)|(!IS_ONECHAR) Recognize=610 92 , 609  93 , 607 95 , 606 98 , 603 102 , 602 104 , 600 106 , 597 108 , 592 112 , 590 114 , 589 116 , 591 117 , 592 117 , 594 118 , 597 119 , 599 120 , 601 121 , 605 122 , 605 122  break 608 114 , 608 116 , 607 118 , 606 121 , 605 123 ,604 126 , 603 129 , 603 132 , 602 135 , 600 141 , 600 141
RecoWin MsgName=6 Factoid=(!IS_DIGITS)|(!IS_ONECHAR) Recognize=649 98 , 650  100 , 649 105 , 649 107 , 649 110 , 649 112 , 649 118 , 649 120 , 649 122 , 649  124 , 649 124  break 646 91 , 648 91 , 649 92 , 651 93 , 654 95 , 655 96 , 658 98 , 660 100 , 661 102 , 663 103 , 663 106 , 664 108 , 664 110 , 664 113 , 664 115 , 663 117 , 663 119 , 661 121 , 660 123 , 658 124 , 656 125 , 654 126 , 651 127 , 647 127 , 645 127 , 642 127 , 641 127 , 639 126 , 638 125 , 636 125 , 635 124 , 635 124
RecoWin MsgName=7 Factoid=(!IS_DIGITS)|(!IS_ONECHAR) Recognize=704 100 , 703 105 , 703 107 , 703 109 , 703 111 , 703 117 , 703 120 , 703 123 , 703 125 , 703 127 , 703 127  break 705 106 , 708 107 , 711 107 , 713 107 , 714 107 , 717 107  , 717 107  break 722 90 , 723 92 , 722 95 , 721 98 , 721 101 , 720 104 , 720 106 , 720 110 , 720 118 , 720 126 , 720 128 , 720 128  
RecoWin MsgName=0 Factoid=(!IS_DIGITS)|(!IS_ONECHAR) Recognize=318 101 , 315 103 , 314 99 , 314 94 , 314 94  break 315 82 , 316 71 , 316 61 , 316 55 , 315 49 , 315 47 , 315 47  break 318 70 , 312 83 , 310 91 , 309 102 , 308 115 , 307 127 , 307 133 , 307 133
RecoWin MsgName=1 Factoid=(!IS_DIGITS)|(!IS_ONECHAR) Recognize=366 73 , 365  74 , 364 72 , 365 70 , 369 66 , 372 66 , 375 62 , 378 62 , 382 62 ,384 64 , 386 67 , 384 72 , 382 77 , 377 83 , 372 84 , 373 84 , 372 84 , 373 84 ,375 83 , 378 82 , 382 83 , 384 83 , 384 85 , 384 90 , 381 94 , 376 97 , 372 99 ,368 99 ,363 98 , 363 98 , 363 98

